network:
edge( 1):  0   8
edge( 2):  8  12
edge( 3):  8  13
edge( 4):  9  15
edge( 5): 10  16
edge( 6):  9  11
edge( 7): 10  11
edge( 8): 11  18
edge( 9): 12   9
edge(10): 13  10
edge(11): 12  14
edge(12): 13  14
edge(13): 14   4
edge(14): 15   1
edge(15): 16   5
edge(16): 15  17
edge(17): 16  17
edge(18): 17   2
edge(19): 18   3
edge(20): 18   6
Equations from Tree 0
1 0 0 0 0 0 0 0 0 0 0 0 0 0 0 0 0   1.00
0 0 0 0 0 0 0 0 0 1 0 0 0 0 0 0 0   1.70
0 0 0 0 0 0 0 0 0 0 0 0 0 1 0 0 0   1.80
0 0 0 0 0 1 0 0 0 0 0 0 0 0 0 0 0   1.60
0 1 0 0 0 0 0 0 0 0 0 0 0 0 0 0 0   1.00
0 0 1 0 1 0 0 0 1 0 0 0 1 0 0 0 0   3.00
0 0 0 1 0 0 0 0 0 0 0 0 0 0 0 0 0   1.00
0 0 0 0 0 0 0 1 0 0 0 0 0 0 0 0 0   1.00
0 0 0 0 0 0 0 0 0 0 0 1 0 0 0 0 0   0.70
0 0 0 0 0 0 0 0 0 0 0 0 0 0 0 1 0   0.90
0 0 0 0 0 0 0 0 0 0 0 0 0 0 0 0 1   0.80

Equations from Tree 1
1 0 0 0 0 0 0 0 0 0 0 0 0 0 0 0 0   1.00
0 0 0 0 0 0 0 0 0 1 0 0 0 0 0 0 0   1.70
0 0 0 0 0 0 0 0 0 0 0 0 0 1 0 0 0   1.80
0 0 0 0 0 0 1 0 0 0 0 0 0 0 0 0 0   1.60
0 1 0 0 0 0 0 0 0 0 0 0 0 0 0 0 0   1.00
0 0 1 0 0 0 0 0 1 0 0 0 0 0 0 0 0   1.60
0 0 0 0 1 0 0 0 0 0 0 0 1 0 0 0 0   1.40
0 0 0 1 0 0 0 1 0 0 0 0 0 0 0 0 0   2.00
0 0 0 0 0 0 0 0 0 0 0 1 0 0 0 0 0   0.70
0 0 0 0 0 0 0 0 0 0 0 0 0 0 0 1 0   0.90
0 0 0 0 0 0 0 0 0 0 0 0 0 0 0 0 1   0.80

Equations from Tree 2
1 0 0 0 0 0 0 0 0 0 0 0 0 0 0 0 0   1.00
0 0 0 0 0 0 0 0 0 0 1 0 0 0 0 0 0   1.60
0 0 0 0 0 0 0 0 0 0 0 0 0 1 0 0 0   1.80
0 0 0 0 0 1 0 0 0 0 0 0 0 0 0 0 0   1.60
0 1 0 0 0 0 0 1 0 0 0 0 0 0 0 0 0   2.00
0 0 1 0 0 0 0 0 0 0 0 0 0 0 0 0 0   0.80
0 0 0 1 0 0 0 0 0 0 0 0 0 0 0 0 0   1.00
0 0 0 0 1 0 0 0 1 0 0 0 1 0 0 0 0   2.20
0 0 0 0 0 0 0 0 0 0 0 1 0 0 0 0 0   0.70
0 0 0 0 0 0 0 0 0 0 0 0 0 0 0 1 0   0.90
0 0 0 0 0 0 0 0 0 0 0 0 0 0 0 0 1   0.80

Equations from Tree 3
1 0 0 0 0 0 0 0 0 0 0 0 0 0 0 0 0   1.00
0 0 0 0 0 0 0 0 0 0 1 0 0 0 0 0 0   1.60
0 0 0 0 0 0 0 0 0 0 0 0 0 1 0 0 0   1.80
0 0 0 0 0 0 1 0 0 0 0 0 0 0 0 0 0   1.60
0 1 0 1 0 0 0 1 0 0 0 0 0 0 0 0 0   3.00
0 0 1 0 0 0 0 0 0 0 0 0 0 0 0 0 0   0.80
0 0 0 0 1 0 0 0 0 0 0 0 1 0 0 0 0   1.40
0 0 0 0 0 0 0 0 1 0 0 0 0 0 0 0 0   0.80
0 0 0 0 0 0 0 0 0 0 0 1 0 0 0 0 0   0.70
0 0 0 0 0 0 0 0 0 0 0 0 0 0 0 1 0   0.90
0 0 0 0 0 0 0 0 0 0 0 0 0 0 0 0 1   0.80

Equations from Tree 4
1 0 0 0 0 0 0 0 0 0 0 0 0 0 0 0 0   1.00
0 0 0 0 0 0 0 0 0 1 0 0 0 0 0 0 0   1.70
0 0 0 0 0 0 0 0 0 0 0 0 0 0 1 0 0   1.80
0 0 0 0 0 1 0 0 0 0 0 0 0 0 0 0 0   1.60
0 1 0 0 0 0 0 0 0 0 0 0 0 0 0 0 0   1.00
0 0 1 0 1 0 0 0 1 0 0 0 0 0 0 0 0   2.50
0 0 0 1 0 0 0 0 0 0 0 1 0 0 0 0 0   1.70
0 0 0 0 0 0 0 1 0 0 0 0 0 0 0 0 0   1.00
0 0 0 0 0 0 0 0 0 0 0 0 1 0 0 0 0   0.50
0 0 0 0 0 0 0 0 0 0 0 0 0 0 0 1 0   0.90
0 0 0 0 0 0 0 0 0 0 0 0 0 0 0 0 1   0.80

Equations from Tree 5
1 0 0 0 0 0 0 0 0 0 0 0 0 0 0 0 0   1.00
0 0 0 0 0 0 0 0 0 1 0 0 0 0 0 0 0   1.70
0 0 0 0 0 0 0 0 0 0 0 0 0 0 1 0 0   1.80
0 0 0 0 0 0 1 0 0 0 0 0 0 0 0 0 0   1.60
0 1 0 0 0 0 0 0 0 0 0 0 0 0 0 0 0   1.00
0 0 1 0 0 0 0 0 1 0 0 0 0 0 0 0 0   1.60
0 0 0 0 1 0 0 0 0 0 0 0 0 0 0 0 0   0.90
0 0 0 1 0 0 0 1 0 0 0 1 0 0 0 0 0   2.70
0 0 0 0 0 0 0 0 0 0 0 0 1 0 0 0 0   0.50
0 0 0 0 0 0 0 0 0 0 0 0 0 0 0 1 0   0.90
0 0 0 0 0 0 0 0 0 0 0 0 0 0 0 0 1   0.80

Equations from Tree 6
1 0 0 0 0 0 0 0 0 0 0 0 0 0 0 0 0   1.00
0 0 0 0 0 0 0 0 0 0 1 0 0 0 0 0 0   1.60
0 0 0 0 0 0 0 0 0 0 0 0 0 0 1 0 0   1.80
0 0 0 0 0 1 0 0 0 0 0 0 0 0 0 0 0   1.60
0 1 0 0 0 0 0 1 0 0 0 0 0 0 0 0 0   2.00
0 0 1 0 0 0 0 0 0 0 0 0 0 0 0 0 0   0.80
0 0 0 1 0 0 0 0 0 0 0 1 0 0 0 0 0   1.70
0 0 0 0 1 0 0 0 1 0 0 0 0 0 0 0 0   1.70
0 0 0 0 0 0 0 0 0 0 0 0 1 0 0 0 0   0.50
0 0 0 0 0 0 0 0 0 0 0 0 0 0 0 1 0   0.90
0 0 0 0 0 0 0 0 0 0 0 0 0 0 0 0 1   0.80

Equations from Tree 7
1 0 0 0 0 0 0 0 0 0 0 0 0 0 0 0 0   1.00
0 0 0 0 0 0 0 0 0 0 1 0 0 0 0 0 0   1.60
0 0 0 0 0 0 0 0 0 0 0 0 0 0 1 0 0   1.80
0 0 0 0 0 0 1 0 0 0 0 0 0 0 0 0 0   1.60
0 1 0 1 0 0 0 1 0 0 0 1 0 0 0 0 0   3.70
0 0 1 0 0 0 0 0 0 0 0 0 0 0 0 0 0   0.80
0 0 0 0 1 0 0 0 0 0 0 0 0 0 0 0 0   0.90
0 0 0 0 0 0 0 0 1 0 0 0 0 0 0 0 0   0.80
0 0 0 0 0 0 0 0 0 0 0 0 1 0 0 0 0   0.50
0 0 0 0 0 0 0 0 0 0 0 0 0 0 0 1 0   0.90
0 0 0 0 0 0 0 0 0 0 0 0 0 0 0 0 1   0.80


