0  8 1.0
10  4 1.7
11  2 1.8
9  12 1.6
8  10 1.0
8  5 3.0
9  11 1.0
10  9 1.0
11  1 0.7
12  3 0.9
12  6 0.8
0  8 1.0
10  4 1.7
11  2 1.8
9  12 1.6
8  10 1.0
8  9 1.6
9  5 1.4
10  11 2.0
11  1 0.7
12  3 0.9
12  6 0.8
0  8 1.0
10  4 1.6
11  2 1.8
9  12 1.6
8  9 2.0
8  10 0.8
9  11 1.0
10  5 2.2
11  1 0.7
12  3 0.9
12  6 0.8
0  8 1.0
10  4 1.6
11  2 1.8
9  12 1.6
8  11 3.0
8  10 0.8
9  5 1.4
10  9 0.8
11  1 0.7
12  3 0.9
12  6 0.8
0  8 1.0
10  4 1.7
11  2 1.8
9  12 1.6
8  10 1.0
8  11 2.5
9  1 1.7
10  9 1.0
11  5 0.5
12  3 0.9
12  6 0.8
0  8 1.0
10  4 1.7
11  2 1.8
9  12 1.6
8  10 1.0
8  9 1.6
9  11 0.9
10  1 2.7
11  5 0.5
12  3 0.9
12  6 0.8
0  8 1.0
10  4 1.6
11  2 1.8
9  12 1.6
8  9 2.0
8  10 0.8
9  1 1.7
10  11 1.7
11  5 0.5
12  3 0.9
12  6 0.8
0  8 1.0
10  4 1.6
11  2 1.8
9  12 1.6
8  1 3.7
8  10 0.8
9  11 0.9
10  9 0.8
11  5 0.5
12  3 0.9
12  6 0.8
