1 0 0 0 0 0 0 0 0 0 0 0 0 0 0 0 0 0 0 0   1.00
0 0 0 0 0 0 0 0 0 0 1 0 1 0 0 0 0 0 0 0   1.70
0 0 0 0 0 0 0 0 0 0 0 0 0 0 0 1 0 1 0 0   1.80
0 0 0 0 0 1 0 1 0 0 0 0 0 0 0 0 0 0 0 0   1.60
0 1 0 0 0 0 0 0 0 0 0 0 0 0 0 0 0 0 0 0   1.00
0 0 1 0 1 0 0 0 0 1 0 0 0 0 1 0 0 0 0 0   3.00
0 0 0 1 0 0 0 0 0 0 0 0 0 0 0 0 0 0 0 0   1.00
0 0 0 0 0 0 0 0 1 0 0 0 0 0 0 0 0 0 0 0   1.00
0 0 0 0 0 0 0 0 0 0 0 0 0 1 0 0 0 0 0 0   0.70
0 0 0 0 0 0 0 0 0 0 0 0 0 0 0 0 0 0 1 0   0.90
0 0 0 0 0 0 0 0 0 0 0 0 0 0 0 0 0 0 0 1   0.80
1 0 0 0 0 0 0 0 0 0 0 0 0 0 0 0 0 0 0 0   1.00
0 0 0 0 0 0 0 0 0 0 1 0 1 0 0 0 0 0 0 0   1.70
0 0 0 0 0 0 0 0 0 0 0 0 0 0 0 1 0 1 0 0   1.80
0 0 0 0 0 0 1 1 0 0 0 0 0 0 0 0 0 0 0 0   1.60
0 1 0 0 0 0 0 0 0 0 0 0 0 0 0 0 0 0 0 0   1.00
0 0 1 0 0 0 0 0 0 1 0 0 0 0 0 0 0 0 0 0   1.60
0 0 0 0 1 0 0 0 0 0 0 0 0 0 1 0 0 0 0 0   1.40
0 0 0 1 0 0 0 0 1 0 0 0 0 0 0 0 0 0 0 0   2.00
0 0 0 0 0 0 0 0 0 0 0 0 0 1 0 0 0 0 0 0   0.70
0 0 0 0 0 0 0 0 0 0 0 0 0 0 0 0 0 0 1 0   0.90
0 0 0 0 0 0 0 0 0 0 0 0 0 0 0 0 0 0 0 1   0.80
1 0 0 0 0 0 0 0 0 0 0 0 0 0 0 0 0 0 0 0   1.00
0 0 0 0 0 0 0 0 0 0 0 1 1 0 0 0 0 0 0 0   1.60
0 0 0 0 0 0 0 0 0 0 0 0 0 0 0 1 0 1 0 0   1.80
0 0 0 0 0 1 0 1 0 0 0 0 0 0 0 0 0 0 0 0   1.60
0 1 0 0 0 0 0 0 1 0 0 0 0 0 0 0 0 0 0 0   2.00
0 0 1 0 0 0 0 0 0 0 0 0 0 0 0 0 0 0 0 0   0.80
0 0 0 1 0 0 0 0 0 0 0 0 0 0 0 0 0 0 0 0   1.00
0 0 0 0 1 0 0 0 0 1 0 0 0 0 1 0 0 0 0 0   2.20
0 0 0 0 0 0 0 0 0 0 0 0 0 1 0 0 0 0 0 0   0.70
0 0 0 0 0 0 0 0 0 0 0 0 0 0 0 0 0 0 1 0   0.90
0 0 0 0 0 0 0 0 0 0 0 0 0 0 0 0 0 0 0 1   0.80
1 0 0 0 0 0 0 0 0 0 0 0 0 0 0 0 0 0 0 0   1.00
0 0 0 0 0 0 0 0 0 0 0 1 1 0 0 0 0 0 0 0   1.60
0 0 0 0 0 0 0 0 0 0 0 0 0 0 0 1 0 1 0 0   1.80
0 0 0 0 0 0 1 1 0 0 0 0 0 0 0 0 0 0 0 0   1.60
0 1 0 1 0 0 0 0 1 0 0 0 0 0 0 0 0 0 0 0   3.00
0 0 1 0 0 0 0 0 0 0 0 0 0 0 0 0 0 0 0 0   0.80
0 0 0 0 1 0 0 0 0 0 0 0 0 0 1 0 0 0 0 0   1.40
0 0 0 0 0 0 0 0 0 1 0 0 0 0 0 0 0 0 0 0   0.80
0 0 0 0 0 0 0 0 0 0 0 0 0 1 0 0 0 0 0 0   0.70
0 0 0 0 0 0 0 0 0 0 0 0 0 0 0 0 0 0 1 0   0.90
0 0 0 0 0 0 0 0 0 0 0 0 0 0 0 0 0 0 0 1   0.80
1 0 0 0 0 0 0 0 0 0 0 0 0 0 0 0 0 0 0 0   1.00
0 0 0 0 0 0 0 0 0 0 1 0 1 0 0 0 0 0 0 0   1.70
0 0 0 0 0 0 0 0 0 0 0 0 0 0 0 0 1 1 0 0   1.80
0 0 0 0 0 1 0 1 0 0 0 0 0 0 0 0 0 0 0 0   1.60
0 1 0 0 0 0 0 0 0 0 0 0 0 0 0 0 0 0 0 0   1.00
0 0 1 0 1 0 0 0 0 1 0 0 0 0 0 0 0 0 0 0   2.50
0 0 0 1 0 0 0 0 0 0 0 0 0 1 0 0 0 0 0 0   1.70
0 0 0 0 0 0 0 0 1 0 0 0 0 0 0 0 0 0 0 0   1.00
0 0 0 0 0 0 0 0 0 0 0 0 0 0 1 0 0 0 0 0   0.50
0 0 0 0 0 0 0 0 0 0 0 0 0 0 0 0 0 0 1 0   0.90
0 0 0 0 0 0 0 0 0 0 0 0 0 0 0 0 0 0 0 1   0.80
1 0 0 0 0 0 0 0 0 0 0 0 0 0 0 0 0 0 0 0   1.00
0 0 0 0 0 0 0 0 0 0 1 0 1 0 0 0 0 0 0 0   1.70
0 0 0 0 0 0 0 0 0 0 0 0 0 0 0 0 1 1 0 0   1.80
0 0 0 0 0 0 1 1 0 0 0 0 0 0 0 0 0 0 0 0   1.60
0 1 0 0 0 0 0 0 0 0 0 0 0 0 0 0 0 0 0 0   1.00
0 0 1 0 0 0 0 0 0 1 0 0 0 0 0 0 0 0 0 0   1.60
0 0 0 0 1 0 0 0 0 0 0 0 0 0 0 0 0 0 0 0   0.90
0 0 0 1 0 0 0 0 1 0 0 0 0 1 0 0 0 0 0 0   2.70
0 0 0 0 0 0 0 0 0 0 0 0 0 0 1 0 0 0 0 0   0.50
0 0 0 0 0 0 0 0 0 0 0 0 0 0 0 0 0 0 1 0   0.90
0 0 0 0 0 0 0 0 0 0 0 0 0 0 0 0 0 0 0 1   0.80
1 0 0 0 0 0 0 0 0 0 0 0 0 0 0 0 0 0 0 0   1.00
0 0 0 0 0 0 0 0 0 0 0 1 1 0 0 0 0 0 0 0   1.60
0 0 0 0 0 0 0 0 0 0 0 0 0 0 0 0 1 1 0 0   1.80
0 0 0 0 0 1 0 1 0 0 0 0 0 0 0 0 0 0 0 0   1.60
0 1 0 0 0 0 0 0 1 0 0 0 0 0 0 0 0 0 0 0   2.00
0 0 1 0 0 0 0 0 0 0 0 0 0 0 0 0 0 0 0 0   0.80
0 0 0 1 0 0 0 0 0 0 0 0 0 1 0 0 0 0 0 0   1.70
0 0 0 0 1 0 0 0 0 1 0 0 0 0 0 0 0 0 0 0   1.70
0 0 0 0 0 0 0 0 0 0 0 0 0 0 1 0 0 0 0 0   0.50
0 0 0 0 0 0 0 0 0 0 0 0 0 0 0 0 0 0 1 0   0.90
0 0 0 0 0 0 0 0 0 0 0 0 0 0 0 0 0 0 0 1   0.80
1 0 0 0 0 0 0 0 0 0 0 0 0 0 0 0 0 0 0 0   1.00
0 0 0 0 0 0 0 0 0 0 0 1 1 0 0 0 0 0 0 0   1.60
0 0 0 0 0 0 0 0 0 0 0 0 0 0 0 0 1 1 0 0   1.80
0 0 0 0 0 0 1 1 0 0 0 0 0 0 0 0 0 0 0 0   1.60
0 1 0 1 0 0 0 0 1 0 0 0 0 1 0 0 0 0 0 0   3.70
0 0 1 0 0 0 0 0 0 0 0 0 0 0 0 0 0 0 0 0   0.80
0 0 0 0 1 0 0 0 0 0 0 0 0 0 0 0 0 0 0 0   0.90
0 0 0 0 0 0 0 0 0 1 0 0 0 0 0 0 0 0 0 0   0.80
0 0 0 0 0 0 0 0 0 0 0 0 0 0 1 0 0 0 0 0   0.50
0 0 0 0 0 0 0 0 0 0 0 0 0 0 0 0 0 0 1 0   0.90
0 0 0 0 0 0 0 0 0 0 0 0 0 0 0 0 0 0 0 1   0.80