     con: array([], dtype=float64)
     fun: -24.47
 message: 'Optimization terminated successfully.'
     nit: 14
   slack: array([0.00000000e+00, 4.44089210e-16, 0.00000000e+00, 2.22044605e-16,
       4.44089210e-16, 4.44089210e-16, 0.00000000e+00, 0.00000000e+00,
       0.00000000e+00, 0.00000000e+00, 4.44089210e-16, 0.00000000e+00,
       2.22044605e-16, 0.00000000e+00, 0.00000000e+00, 4.44089210e-16,
       0.00000000e+00, 0.00000000e+00, 9.00000000e-01, 2.22044605e-16,
       4.44089210e-16, 0.00000000e+00, 0.00000000e+00, 4.44089210e-16,
       4.44089210e-16, 8.90000000e-01, 0.00000000e+00, 3.00000000e+00,
       4.44089210e-16, 0.00000000e+00, 0.00000000e+00, 4.44089210e-16,
       8.90000000e-01, 0.00000000e+00, 0.00000000e+00, 0.00000000e+00,
       9.00000000e-01, 2.22044605e-16, 4.44089210e-16, 0.00000000e+00,
       0.00000000e+00, 0.00000000e+00, 0.00000000e+00, 8.90000000e-01,
       4.44089210e-16, 2.10000000e+00, 0.00000000e+00, 0.00000000e+00,
       8.90000000e-01, 0.00000000e+00, 0.00000000e+00, 4.44089210e-16,
       0.00000000e+00, 0.00000000e+00])
  status: 0
 success: True
       x: array([0.9 , 2.78, 1.2 , 2.89, 1.2 , 0.01, 0.6 , 0.01, 1.79, 1.89, 0.01,
       1.1 , 1.9 , 3.19, 2.99, 0.01, 1.  , 1.  ])